#this file contains 10,000,000 random numbers from (1, 1,000,000) range. There is 999963 distinct numbers in total.
550150
189862
247447
126539
918958
895311
769304
41806
849465
587627
781394
159091
604717
990615
168896
914942
970283
17595
178073
583889
119420
536506
639725
1571
689692
165409
434096
215734
533079
150754
223688
140282
293643
180753
306996
512412
400458
225163
879098
645499
674331
48482
622841
565880
411415
273507
744195
456341
347624
173410
982023
468435
483284
15443
301286
390807
977918
827316
518855
849015
333898
55216
532335
363905
319102
617923
82293
95254
811744
987895
440044
819236
866047
61416
90222
506548
367624
426012
66259
986187
592337
220387
584689
385589
853113
399013
535649
260605
425249
62179
558378
941772
348948
345374
519018
35712
324387
313495
218374
69853
915753
503092
370183
139528
800019
970706
891661
681551
908288
83248
868457
948454
4663
499747
341483
71559
660081
856301
526552
778848
533554
238082
740596
54122
36488
301279
584252
594915
737414
530614
185213
410857
313147
234511
8433
875603
896477
182782
567977
628225
76995
882226
741261
810338
645820
264455
416555
288242
485539
525095
147441
435597
740085
140896
171509
592171
938302
495606
448503
570856
593860
288739
265911
405310
913933
898073
736493
351595
420664
856315
992856
890010
235098
929657
285434
814831
567977
40157
664445
264625
913599
393636
97489
501249
593178
771837
629950
94483
724653
790217
839278
982936
470513
329625
340479
447709
12810
225694
67354
677686
907352
857774
100287
723294
816537
214580
604165
78093
549101
241988
871262
778684
649684
948528
460875
776859
416071
812478
986997
535189
70712
737081
91290
101471
364549
935935
595880
164256
644717
899714
115624
568766
694315
234606
246823
88478
755077
940629
379558
585163
169001
182779
413759
257503
203060
900610
186653
580646
720452
173197
627236
846405
735284
345988
499338
217059
178331
742844
652473
492382
968157
730200
348928
242297
644041
779080
738667
266632
354187
796503
167912
348358
974254
326834
383545
541238
918461
206291
444913
657601
789807
62018
314425
730139
260930
499310
567197
655750
533905
109437
476836
670169
629689
640273
320941
332263
259187
189748
644914
49605
303519
339670
631137
221415
506652
522572
793943
812254
371058
537501
286956
354843
296947
63837
667047
79708
704821
801389
275820
671293
66128
434838
908696
520535
144058
135582
80576
666792
891640
586812
713012
391870
375474
2671
984238
126761
783165
190399
489487
18156
695298
852411
679508
357947
151173
983989
708641
107108
821625
230865
564600
348
427089
461328
946651
903598
14098
676977
430191
876464
755799
492855
402519
241143
224412
753276
437064
21984
239173
993150
845111
2495
288971
477108
141829
977335
280965
834878
386867
361002
389546
900716
487632
110230
85692
872349
700279
94955
159082
740950
378410
7283
717114
546207
488846
918403
225466
237801
346645
939783
483270
5849
140660
76231
5141
868816
871816
495860
209514
562402
112306
79252
628330
883084
771373
722987
283643
233452
446811
37156
445873
235326
699720
362340
740411
641862
605096
461532
396162
108858
435301
722955
173208
827039
909344
846713
361250
596952
135680
628890
306559
423844
958235
163976
521343
950921
859009
175807
340597
121427
598084
299140
290160
878724
321655
288111
498950
285715
740941
336985
152766
235891
928542
721994
526114
834573
970079
512576
99906
799592
211528
322907
654377
801012
385129
884880
560045
916997
213794
484693
41260
968417
428029
244004
210143
532435
261295
746133
634327
464782
287590
463741
13081
400659
802848
176510
495896
758031
548017
724985
99066
87043
664217
51773
673011
787146
579442
239558
907639
249240
976540
284526
230323
792052
119304
16184
829063
943833
855149
331782
863739
92732
387150
112245
638525
576233
318747
48749
520689
283306
608507
1145
15606
163974
315722
370721
364449
390745
222712
682892
244908
72384
215629
917724
84021
567430
681150
733457
289721
980262
286034
871459
685320
267979
421389
647788
870902
372729
295978
563047
114572
56793
276684
672354
690836
479735
950230
717861
435184
160577
980413
422986
831958
326763
215845
756552
454777
791172
475668
112179
519198
789332
636338
851521
434389
174121
896619
321183
604262
844657
296832
223024
985400
961729
906483
469918
995924
303138
643341
565272
787717
886138
661574
870720
3728
269807
700271
143478
462205
951681
576103
228851
331247
633346
803778
904100
285157
636893
628081
503821
807111
592001
277233
101876
78624
521331
166920
576036
846542
108323
724857
939429
670519
519525
496096
727305
909266
563490
353679
160463
454047
831103
166845
535415
782406
220762
435770
826142
906028
120164
881468
959851
618472
724929
372784
289320
373613
602639
818487
968550
588600
715921
433450
260212
89957
554434
806208
101617
249716
48852
483436
561591
3398
617962
874895
59059
994459
29978
90126
854823
349327
508057
418598
29924
94472
11012
351399
435784
372689
621436
317521
350942
3762
193764
266385
941557
129070
152353
525985
201759
247367
414568
145754
645605
335105
418544
466175
867611
268332
797294
790938
7293
670470
13232
114232
424676
802331
681082
521294
559210
409768
587046
83796
395320
347973
617788
317644
189004
130362
651441
956623
131866
831881
546078
912711
108305
507032
497905
603809
189898
968085
652178
973117
543148
744435
619064
47695
254457
495143
304873
158535
974549
530886
375022
120273
562702
540317
164604
648225
992988
758286
164192
808899
160694
359401
259875
588962
576465
227860
264651
793036
348823
962585
127270
562585
907060
871599
467225
5598
162713
864581
857717
724325
416012
323567
163701
118365
442258
599549
222132
221047
873313
869638
765470
444319
346678
513082
277503
154169
157739
930146
454880
990120
902666
755889
663103
282649
811949
999467
801931
824224
578886
628425
852536
975045
305853
585510
157655
717171
508615
353411
384553
27023
5366
787850
118344
903883
778182
463064
653061
193651
700650
826372
635771
430749
503057
627337
819349
309383
417159
599988
582582
574976
165052
854533
47702
273296
148151
690406
258251
544473
921956
526048
373972
582797
701588
926287
708340
617798
234867
873319
902938
969142
503984
587752
375719
847460
319483
718826
329579
295777
461658
142662
74451
154771
761763
767992
139632
167295
915103
85920
368146
428296
110222
626954
927988
259836
603180
576191
515892
296493
308384
452965
335487
687033
106396
884220
476520
460853
646067
154645
678313
415672
455662
255908
345791
450116
821633
592868
257602
131617
124160
691773
278129
911056
235272
808804
470536
304590
651341
634341
284566
884369
866015
957151
302843
863300
183923
810093
648219
14328
126176
11979
920108
960152
731947
953240
632149
332356
461057
451806
624309
213800
93709
773302
748842
309669
949399
129341
622612
445822
46109
420619
362627
756330
820993
487105
673910
830910
181706
747925
364678
791441
512032
846617
611499
805879
127982
89538
77949
590146
311303
771253
808087
999936
800154
272988
693144
829499
422625
972719
260484
349204
945495
663911
17317
193622
32518
196112
977558
673858
972962
181673
320904
635698
535930
629801
308916
977920
156528
781290
593147
619906
719972
947871
850302
79082
803667
663446
676636
242470
17283
264379
63647
201936
116383
409609
474278
387657
591955
901375
312817
270932
840891
968503
981885
359021
443039
582014
384416
150083
696164
972725
342998
502059
503774
649940
627574
937257
714844
362941
534733
181251
260021
457834
197916
471340
308293
806564
321320
87900
706047
301861
636032
757941
493694
339982
853301
316284
515681
171705
417839
262036
201022
800790
94793
621483
351369
647936
912736
894049
524745
332105
554252
464538
567754
719131
475784
792027
564733
928179
481786
162149
642148
207243
909484
829660
726835
9292
460760
423778
469273
760743
177307
855728
254457
295598
289656
721399
814552
590178
233689
598239
904551
715844
650367
409105
34919
779786
391568
975606
193141
469887
395089
755926
132390
121877
398337
120210
420197
185408
515618
42612
644943
697832
519639
610247
882927
256786
400805
899854
78019
891173
993104
619684
996777
488288
17341
449464
645475
42
999485
650559
828598
351064
793967
567316
406071
598451
589927
204726
108708
159380
742737
40516
558167
334512
788527
836052
559797
592394
321564
881021
647286
853076
571388
391036
757327
258007
157017
271128
514554
846788
413315
781719
625730
284871
194687
591014
660727
164799
366259
40819
33936
940814
765506
896231
579577
650777
92713
245420
536659
980372
793908
862422
304673
63963
341531
122323
714010
674195
541707
155982
883540
142449
10443
335680
586019
419491
317575
170659
505951
228472
131178
728081
734197
362162
789455
445070
962569
772693
768212
375724
422102
336344
854200
245000
775225
588221
778738
394868
977550
419830
875393
76627
12325
889507
314114
186693
286505
352652
28941
809188
203302
60120
380302
388345
910554
422558
936985
759487
896587
247336
955115
715194
122439
350033
715626
802074
908659
250680
545769
85581
139604
602931
656282
400934
653235
643115
418313
530687
724526
995447
505973
918424
548785
405108
335063
112406
850181
389556
348998
594111
9890
803816
355306
335675
939118
376507
967608
286321
938184
791090
229244
962108
448978
836803
39926
736958
770321
561667
551554
210327
664479
549405
474481
678884
149128
291354
909256
802414
322788
223108
854374
164983
186002
588564
763847
942492
199094
929059
739232
880836
334110
304511
723551
398198
473637
843817
665851
158283
752096
425846
905854
360814
200634
849242
280134
220116
562119
129376
770535
391320
855601
955441
546591
466670
830086
669119
308810
679154
535322
729136
970261
954969
774261
26838
472572
724852
411464
594844
504307
105870
159484
648535
969001
495690
308595
378658
565952
854031
386146
458772
251651
715998
650529
917507
448802
670361
231947
559391
516422
995931
545861
195682
304626
279376
647022
586258
313484
283397
460687
665983
388965
11334
153582
457302
849967
405830
538107
611182
689160
136548
218538
170590
209770
624469
777072
884302
566032
338374
883784
556016
450515
537742
497732
671105
979130
746816
759518
178539
360746
431834
727475
982155
94935
101608
122343
296794
999839
649126
513210
718362
419390
566580
860255
943976
161315
835673
95567
355392
728369
791015
450861
674464
621659
27575
886883
140315
703883
432626
999023
501471
156843
706
461690
321474
913823
912228
753827
125403
846696
995252
476233
720482
64339
359071
117893
557011
774736
613895
795170
635695
760813
323546
439784
624795
219663
30065
68191
667120
565677
337245
570398
598531
296131
862787
572411
985894
560476
730553
380228
663178
501135
90353
937135
738750
679956
435309
533452
432353
540167
127426
432297
341988
569503
980153
585473
644367
7037
767146
146953
566527
339500
428650
475732
130855
815185
405889
16249
983216
27275
597450
418451
556727
245497
532639
435660
570844
657160
214854
183623
178131
100503
251024
589720
504356
936498
483915
197284
445135
437379
717181
451557
304185
31196
233968
373234
980242
749157
320777
941060
248261
474190
232818
531927
35232
918371
812781
125189
121193
951893
581620
617100
17441
354010
416999
882605
978221
270154
866144
330637
256719
257347
340857
911109
696664
363737
311037
385775
475415
797995
602347
420392
62362
685211
777939
990876
985875
536880
858965
948879
977303
666051
829907
566947
574224
350852
488988
940687
582378
355383
825940
958729
431948
263852
797256
400241
120243
897313
915422
434357
430275
496773
488290
535960
396214
339919
816136
888558
534268
930197
917897
317307
636447
264880
32565
396293
614606
768448
56236
777483
176591
95317
605786
195372
849944
271655
167118
331359
675767
84537
20848
629990
767978
631679
325735
199655
328504
31251
49994
550497
463115
366120
146433
450652
32057
905940
356903
732916
346905
550316
171543
642669
681180
276275
841841
330823
90652
562856
71044
844370
166080
23134
587304
972541
263820
612826
388061
551580
540739
898656
149749
231551
217533
832818
128581
955874
628748
376900
500871
587825
916896
379415
327057
743008
450594
939672
180997
686030
464212
913664
910294
684202
642486
641618
982322
745468
15762
526278
727172
480831
385745
915657
775358
338744
590330
64801
383124
854702
118426
237048
386146
250090
862402
308535
67170
682609
58950
327870
586356
276082
362844
636297
456906
529523
622153
205761
774121
379609
791211
502120
843002
667846
968286
413444
133560
928866
118748
926696
309619
417147
497759
849288
909383
355138
45142
126465
104782
484941
193549
656823
412033
820295
790758
287425
188687
76990
677669
835344
955274
909618
107617
2944
710338
734006
961916
295154
15780
514909
47026
119013
727126
444333
79741
169203
200147
390469
865554
877921
651040
384060
999769
160804
676836
483495
736877
790462
26312
780727
382160
489504
420057
97114
663563
465226
782555
996658
811129
283788
856853
754730
924041
145282
203544
165432
534978
364792
536570
946006
583267
231592
37602
348160
449749
948481
413525
868562
519691
559197
615688
181718
99505
192863
314245
114679
658633
366779
9149
422461
897278
319340
614008
210686
759355
230067
910437
233078
43618
908311
188336
110830
747838
257235
113077
162788
137238
297556
403860
759096
152195
210246
706239
64099
681483
419670
448446
3512
370780
394256
353637
637704
920879
446967
857881
818424
295773
840385
799967
411454
66773
856177
822350
484663
213560
630117
853826
920636
37015
869051
129311
31626
148645
504427
299562
536880
293144
655651
13092
572392
485778
788147
979903
608497
619790
831928
886418
779171
846125
257154
199314
655864
293234
103911
305494
494675
48132
352429
936523
467002
636940
342829
280948
656255
617129
658778
599720
550394
948955
346077
640154
406468
563300
954812
167966
657440
530081
688610
204887
823965
438337
221637
767143
212983
215066
827248
542980
369453
141663
194350
590581
337177
674504
699317
740177
786303
417611
788612
249221
333893
561289
215827
475359
102850
70933
673533
353770
620388
69459
180891
472460
844355
380424
113278
205514
561402
236364
703303
239904
169106
758960
403833
576250
937858
614195
676647
414978
510552
260367
341178
515505
665897
14331
165027
469650
144345
284233
792488
22430
848988
744276
513391
570361
515344
9264
511556
462320
333113
254095
826168
530815
598971
408610
299959
484180
863993
147084
387357
527050
838325
64698
76273
959247
656905
300887
227845
676723
9442
399714
663764
140348
292049
812876
653972
526407
676310
386344
138348
571788
935904
965970
238264
142326
900241
794984
710207
167601
290467
38722
739827
831390
314629
763599
598843
574375
251377
374450
846163
378223
844815
994116
35758
53687
797246
37977
84850
573420
338506
374768
236822
459742
759151
286873
435287
585122
785205
746421
920971
260070
503126
701292
111986
955031
568324
139495
424885
999914
75852
862933
525064
90925
121557
874520
706649
932443
440122
183077
756683
870612
39893
926921
87000
2504
982055
783561
529747
173255
775203
574111
24081
619047
441828
567574
380711
451302
84279
190561
271776
89613
424961
217206
921993
26997
132870
404600
881075
571210
203667
886575
674953
763562
71884
781393
983753
180514
858349
53826
482587
725140
945743
806445
335716
219759
113481
487734
582618
836242
670707
923480
825333
976377
873922
669351
49206
336087
752750
25604
550198
914572
866710
287134
490966
960078
404374
402664
4592
426875
222764
366478
872573
468380
333920
429810
367239
564829
766444
841223
560941
992910
510557
27206
220517
278348
472236
966874
763167
367902
410988
508504
68613
684743
414173
769334
149529
59333
386288
334784
316915
108168
761527
353344
96265
647893
995987
511238
806198
361777
53021
65245
403340
902842
244168
389682
926183
389248
927432
919870
960909
460144
546296
250496
320757
459167
21396
368337
461256
933634
921299
821475
948744
444809
868860
884912
124829
438471
949988
495033
664197
342448
541150
118686
697949
685012
967515
279714
456840
453061
519089
630918
205964
738193
250886
319417
833249
835479
491001
177771
130956
185497
734533
249379
949084
25710
385509
327259
934440
225283
857874
250245
489183
816914
716190
786203
782358
944001
106695
143916
732411
67225
650724
581272
600024
114104
496484
764178
657502
721011
245171
605626
606437
515228
877193
115251
632054
556126
445157
81942
894915
315134
783174
656831
652183
397829
355228
586432
96127
480133
138538
249024
967326
328332
974944
362556
620404
715970
879617
993215
439968
822061
422145
687964
6641
395981
309718
503148
592377
965659
105434
634623
28650
973413
823308
574073
15476
557580
689648
824991
213419
191356
679641
252292
288655
936548
182506
805591
240623
504818
824633
312237
390340
498166
246114
151064
408783
820975
378799
203328
667254
501033
874149
999639
444414
272336
458835
947690
262955
486102
235919
617546
447997
268718
65112
940724
633723
917983
478437
39852
222277
16238
863268
609386
171360
604342
295930
75449
230848
139418
160296
328935
965600
101402
234168
46320
692626
369979
920210
591688
675946
779900
446332
423980
513115
37347
411807
818900
395749
143715
656376
707348
600724
278390
288505
428611
107276
292605
794978
458195
245993
213593
327866
813496
637215
478961
552072
27821
126325
190385
15478
175674
431318
598698
710491
729636
111149
579591
979789
673926
185270
995363
383388
124991
453216
260872
836001
304645
204759
836013
913272
605716
910724
4651
737389
272236
14425
529235
754119
386026
391970
311256
846269
906519
183296
259022
463717
415632
133839
348969
663616
243219
232044
201560
831301
231230
324233
825289
283896
456495
465864
681127
803801
163080
315766
784128
77192
200930
737827
741942
441345
556005
685533
64821
266202
236521
438768
663703
470095
295992
218321
670554
875469
363825
685476
722885
689866
331126
75480
631489
216276
407277
240599
784299
618489
344711
254291
954840
639720
10398
780349
871915
608420
896895
627189
442654
422757
185760
884183
891137
603748
469430
484810
203235
694428
600877
852889
323465
677315
96057
270744
51765
151963
75418
406342
214282
234659
524479
403239
15387
755790
970053
917025
67185
622753
573401
155323
685697
111022
117035
73571
635622
6246
523172
783822
970508
550677
696613
849626
887477
642651
962224
588233
733664
112839
970314
862841
5853
290497
782901
560390
442826
672477
838171
255851
57680
143619
857039
992866
846321
526214
202127
556359
683136
295523
636300
93963
214239
366366
54654
921111
65139
904978
337527
872837
922883
325794
493115
618481
94337
293070
859431
528261
870664
656138
273069
37634
655340
89776
374774
400372
183823
28433
172159
894280
963609
224500
594737
590559
125674
24214
562868
134295
109376
739136
516113
905498
200075
111284
152304
522734
544265
493788
367234
906853
393369
996887
606734
198498
635686
498307
117751
322022
315942
876185
345009
505989
792582
862695
242125
417538
26302
888309
855660
476839
886657
400596
871415
593587
165098
261328
744711
670945
307455
329636
198666
818892
499599
411023
354198
292561
872760
50791
474683
227859
667470
328779
1361
778278
367411
71917
267949
584050
872172
560187
874268
427448
439845
683758
196463
489877
378681
216581
127214
815088
982155
591393
667394
261026
264618
490915
567394
110590
591974
376746
742813
455366
330551
412399
705905
439592
92700
872891
462169
349206
495574
329815
888346
781276
305934
952508
22209
694414
448605
522665
282840
498348
181605
126311
74511
970192
213980
381329
166166
364771
715099
600148
819265
383837
324748
684483
970268
834374
483146
177216
631061
327782
218963
433218
179223
720878
844093
263272
4359
526158
590541
434550
9937
642261
130092
501255
430704
34790
156254
473699
464310
521166
841177
45449
601634
499228
299393
586456
769113
208716
490300
472160
710053
353366
477391
497718
283833
327555
152112
641111
366757
818999
470973
213094
934726
335664
224734
977752
906299
293263
660055
233025
217598
509527
584579
554546
796886
311653
199113
895755
652607
889235
733653
189383
981797
656345
146721
476489
773892
806267
329996
467452
690884
716261
34802
372871
504888
914098
174163
834103
195128
720130
878650
479952
119989
891167
991488
38804
477801
612889
336785
5957
791651
415302
86481
10309
989276
361429
599838
977593
787661
76066
130677
841342
217469
543447
29561
845770
67278
512958
306506
414782
739740
450962
112741
495737
471525
764779
136793
619672
125108
529329
719531
705347
102595
753037
989904
307202
602620
46802
886980
624749
880508
625961
230085
634621
110502
626010
534572
382033
942041
29135
790086
943691
235433
417682
212903
697473
421435
302911
629766
707921
840141
765512
688536
376397
909729
500870
801935
573151
600227
262589
175934
562857
813273
880251
371942
128826
841940
525343
887
4862
324403
667844
169925
155134
460988
870605
206882
711193
183050
718630
223084
474590
766529
319768
691912
567899
902943
849131
642423
243542
96119
317075
882988
751390
156291
991888
324823
954420
791230
830376
193843
41826
679603
167113
812921
723776
379231
429819
448835
974797
623436
662173
221187
952974
452661
652749
909682
517348
146921
489373
991304
941986
241001
384241
462302
238984
794170
148259
682201
867046
463460
284464
847793
87423
208361
634254
330410
562571
893338
409439
312954
335061
136282
646535
469081
900203
401181
996135
871658
560778
114565
920467
261234
815132
868197
635433
714243
312583
563960
504431
400473
877211
278013
535368
645119
212775
760546
92358
777671
851034
671320
979187
868060
455034
535299
140958
988136
494600
512159
2600
792400
164867
170541
473804
851171
584565
717589
257217
483001
489114
697896
505236
559866
207476
329648
683068
33
107382
118607
61540
27604
905115
898884
95018
101169
760275
646272
176794
423562
948270
815897
152574
788658
957609
346099
606542
908846
578962
217254
22625
652789
66800
213257
80916
925295
464034
159024
80023
945944
26355
266906
926933
331744
898125
840976
652971
297284
980655
572489
416075
298502
44967
642733
957650
166510
366442
772376
444295
400640
382383
600916
915725
312099
18656
849275
283520
187490
912463
428044
621701
872112
686979
978198
81856
939433
374953
118057
37059
109138
163317
962954
49059
695638
371258
561204
211035
529876
917727
927165
605870
353093
969888
678766
432937
4983
79478
314223
907442
730712
72862
199252
893497
804116
909842
27491
182554
71601
390491
653640
642713
409444
238698
991144
650684
805447
562428
685134
883432
842557
496222
846995
185249
909313
902377
204176
85367
414399
208265
112423
841472
451150
287242
885958
576006
408365
231661
298423
45191
152944
801198
66746
358688
659262
496343
845771
352053
386792
238420
303838
468924
416691
88665
617906
82504
525321
552953
10153
956559
778602
700835
378303
653790
317514
179247
802669
772273
689153
191168
824725
171240
664321
820869
497741
465990
808528
269009
234441
507161
23887
991636
350505
8737
159253
237205
947150
93106
897757
926227
695174
153956
889909
979162
775526
315501
145540
39734
805241
966260
11053
554208
909103
628703
132814
247286
193599
463894
654418
73798
921802
213601
222010
183806
48654
882221
514658
748494
333704
947934
882710
16583
127594
353414
215246
518339
736588
924707
55668
316037
378384
190974
496533
697899
294343
240147
107316
148683
106357
818265
519589
672009
598274
894207
581533
364271
778700
292890
566090
127683
312988
664172
412486
909831
943137
847076
219501
844421
942391
679694
326002
978852
137336
359312
432103
234365
709908
851865
416140
352287
708461
934070
998370
273054
466108
29254
342863
214713
302655
338578
690624
785307
903067
352920
741771
544212
534687
492862
312778
133874
83292
618228
565705
290285
383585
327814
909248
713248
746018
332516
441990
206076
751290
763236
670189
322192
721931
593325
472019
635419
306595
979324
144829
718567
543181
227217
754865
62714
71546
13742
408986
508861
144544
143470
274721
937750
310404
59302
832848
36254
608506
767980
414899
641908
795170
272633
197866
46370
431681
254574
699331
391243
725256
810795
247739
59209
113394
186360
168640
344851
786315
866164
50019
432179
128302
655016
50861
202910
593566
188264
61654
211008
74834
150578
363204
725470
533971
550023
480632
880714
861320
659497
566236
848299
932205
173864
684338
17106
466704
620571
716367
915002
302956
542743
846122
679968
457266
196685
212562
178845
447636
850109
667398
980677
967791
736458
271177
311526
606623
220385
577052
330353
713973
597101
257452
219972
763289
879825
106279
669880
995874
161106
144260
573875
409081
226365
520966
928815
710908
459181
718580
429912
971974
353922
316339
794669
827279
829558
305294
15007
994692
212551
184497
727899
148610
645919
298148
14039
370949
873468
3222
1214
793097
629054
956025
27171
304748
861339
840050
663784
452693
591901
98856
514927
944548
805957
830927
155544
930172
982478
459621
890228
562304
90650
508201
234471
736194
269341
411616
851681
731570
994147
165460
808908
631020
24553
622722
584969
250565
757651
565098
389748
795831
741235
803065
801235
538808
363195
244179
555712
844625
146030
905788
862794
465011
683541
77070
842641
31426
597562
839824
959875
873263
625658
714251
423649
379821
904227
642109
96745
979267
453729
988007
548206
189483
451712
979727
635499
216126
435416
420796
211956
28485
143115
816086
104926
127734
437840
595636
867176
402298
298290
589095
383989
883033
773240
715432
574659
745833
807618
12435
841449
273611
448850
207886
303858
234091
471194
670443
215239
816973
797165
389639
758720
800087
149044
707683
885260
567951
281258
913347
871890
409200
382714
215450
22193
681406
919215
973431
843341
830436
849180
214152
786964
688429
140102
91115
846564
6276
307482
991155
720656
242373
472767
868802
825115
244426
710865
877956
103500
198036
69778
639184
989724
676320
83521
918379
773614
623794
611086
698755
727272
281381
430153
236591
822479
930777
456683
288718
48035
337660
473810
363291
162385
230688
52072
980276
754944
348427
11862
190411
180341
992431
67138
939529
584073
474200
777129
238678
617509
282342
727980
926092
967784
465585
885488
221844
303347
838133
343361
808884
143537
832346
170813
600967
11975
372
640042
99430
714442
465544
901393
738351
617419
284247
350559
879315
274904
199261
393470
335220
309631
396966
723295
34844
187307
850210
980547
708910
968222
646357
739974
238178
10647
848592
786503
462300
513932
827514
823471
894994
372991
774879
838393
423195
244568
551054
817537
326300
259912
754259
423105
852874
958298
187975
274147
969572
161022
298381
649239
407147
409144
675620
16529
888448
141072
80995
500344
19096
824231
428015
101377
710762
2186
65008
938942
719171
230042
711692
362201
995200
179031
420009
114712
321250
370972
916536
750779
773957
587160
522853
682738
608566
453301
537950
714258
786122
517037
223207
232593
170684
420137
28806
530101
839429
58757
89620
733949
991362
801283
490652
772225
78067
588737
42139
441732
481422
548747
808003
237497
995838
961609
90127
874093
296930
967668
826110
79927
507179
67609
41851
438514
377505
849273
202681
190534
846763
569419
908181
188808
509689
112638
854060
389672
928757
755661
534532
792304
800857
683801
932806
311691
850137
115137
687751
202636
301178
742657
315048
67364
796239
818497
250284
174065
61752
552881
937397
241750
934578
64208
412218
662851
407502
580433
677716
214173
507602
785167
661789
107008
502956
152114
638172
530800
450868
778738
232522
352160
810039
733270
143008
440863
80094
827224
48024
992591
297297
100166
903400
375875
665707
486989
710855
867232
485307
808285
735304
677493
340126
354783
667851
78129
450219
355321
346568
831789
825030
697231
628750
950223
555682
335316
450924
462687
743647
213619
236372
563155
288241
503236
445500
507354
213556
440771
90556
534402
212268
959432
317588
665903
560109
950215
960330
45013
927488
474340
15969
423177
318392
577313
105560
91519
182978
441942
259341
376158
395835
610306
551773
511374
137363
432439
350538
58367
645431
754444
731389
620551
463066
595730
919168
546354
347838
624313
535108
518133
921176
401112
913824
601699
179443
164977
697854
926965
477567
825470
388061
496793
734635
196759
227688
683892
352970
650183
546291
439766
21300
227956
248113
176886
439943
173620
269331
411227
227636
130927
315363
753192
522837
640423
522520
354098
956633
504757
524716
392846
257983
461899
847660
499417
28475
52929
3674
332852
592991
819502
17963
350690
848713
740447
992623
536781
976750
309729
979022
756723
917273
287134
872804
991836
322005
474821
432558
967456
536267
843412
502060
889066
532310
797565
714219
732376
599549
381146
923800
776708
809046
279773
719781
893341
348752
579886
158045
945433
925961
733834
976607
790569
260140
486641
35712
154869
588070
173518
620942
667920
151086
645573
825695
362531
599873
154752
724405
543739
89506
214307
419459
876669
794962
465316
275471
966665
59447
814789
41760
123531
62689
379578
921056
160051
494021
207950
736737
830254
859761
773014
608504
666750
224201
232607
867091
219526
465677
733249
517757
141450
646282
94999
340832
265839
652378
207958
671696
36417
256343
32150
695818
654902
362388
686038
130163
21677
644722
522822
866514
851155
934051
404587
231785
245565
892934
449155
418217
211130
764725
396770
304979
446588
19127
744240
889567
796571
382510
789873
862376
117010
117363
769388
120545
231904
895960
703358
929863
386497
979389
219670
562893
152618
660113
964794
54856
533488
95799
176400
815376
637073
929681
962102
341701
785457
125595
470536
769764
39788
218542
604094
917118
224209
737343
223712
250312
727530
559886
225654
652752
386583
181797
5886
68821
497917
477124
657850
115244
613963
562142
141254
769237
806979
317973
476753
83716
459453
743797
832093
283205
148129
77801
223877
703188
811691
740333
617776
786739
465719
731899
916660
558901
205845
558513
9417
662416
136790
511513
451975
208488
571979
914104
534061
163850
713351
972971
185080
323627
650876
689842
606720
646321
838812
437090
946977
192607
461795
697867
773791
807649
296679
290131
349364
336478
729673
517407
708377
955366
606577
133445
578473
321012
442930
564260
208742
855144
355741
782643
670628
864407
393782
663024
426104
115020
358059
648229
409003
540105
680669
215453
283334
50646
159664
443694
841749
372591
622297
310508
179832
901094
332340
588759
939596
946424
937822
552312
712477
143103
231096
992320
831323
44479
844409
876452
325611
424130
825669
380769
382153
965229
320532
303189
961305
823477
957409
491710
890656
1608
538534
205336
880229
442374
639892
682804
266318
984528
902379
62147
462947
948528
709969
655054
422356
618913
899012
30018
989344
689955
755808
172745
943242
926889
740601
165987
259386
687185
104327
81418
699077
209750
377528
900147
851211
869931
891577
18914
781638
717270
585769
848334
412930
900417
383839
313226
780340
193523
945836
338822
90844
87141
80221
995390
931580
178780
822185
531084
164248
82903
567879
183045
686634
766817
82614
232025
822695
448060
933922
844130
537922
274368
332022
862387
380326
567669
704767
442558
953304
978236
724633
967215
689106
203207
729418
116127
400278
588278
852292
14543
406221
637800
26792
836174
999613
998774
535061
873123
207202
755049
998021
711341
669588
62989
341102
45903
832419
849399
460668
429564
730086
554508
28475
911814
930932
191482
478945
886406
967737
11996
525306
125319
508823
724653
935765
955735
451025
223362
107667
499149
134352
428983
414556
252671
113324
295067
808749
493693
398563
919614
856038
54961
394598
127646
315815
816687
559217
596830
559124
978562
817048
418125
629655
184026
386091
171384
599086
351412
803784
624290
829039
703427
336556
37106
336846
551992
563530
311950
872705
405603
281297
24703
734276
979028
336455
60280
762285
238885
203708
430444
108203
101106
781363
21864
721563
97438
568049
102241
696021
400920
862314
475122
296428
898406
778790
49708
832156
246144
464729
755007
152502
730608
985493
126451
503637
862202
843757
791851
824687
924474
603878
949206
480400
717095
926217
331004
259733
18091
479411
720813
227410
459728
830521
364188
618414
536281
491940
977841
942330
106624
146220
520550
195980
843854
644822
630447
636898
738327
123684
559235
190918
902137
424506
877596
900220
740632
90948
204155
724899
599361
678426
13425
210717
167986
515935
690757
436445
379711
35192
606806
463549
869949
455716
427458
580664
450433
566925
513552
191113
897100
329044
515210
6358
557513
903488
602311
698307
631343
798909
670326
99825
330442
548323
376010
212897
127208
903359
522300
714775
705273
225118
470712
485358
886311
884145
724160
713431
246789
243640
84695
858734
267124
535855
371673
873157
614868
856648
510053
351715
469946
621012
563053
439940
15513
543053
713066
709758
97915
86142
199369
450384
766448
953900
278891
286840
95598
687345
30011
227547
540911
320600
757200
203274
405071
789181
705162
935621
953565
161987
162190
210355
964147
589322
13097
204268
181672
437831
574795
899362
920218
572763
305123
999890
764297
259465
640721
198029
24085
70162
202181
381491
788604
975931
428497
621906
844428
782093
785315
176582
201116
35479
403373
960855
81711
645463
227475
982871
254679
173999
920611
59953
552555
263506
38565
290342
605764
463268
137875
464308
868245
956569
140157
475700
391609
386873
63778
576156
72330
622372
595715
501508
738987
817553
420674
995846
130606
87512
314895
596556
731286
986083
574686
860900
568335
485089
922489
161720
5795
471320
959298
842292
821804
447738
801523
503773
114002
158766
757156
562886
158475
31517
144746
475758
420966
541846
800383
964447
705467
799164
378672
260967
824509
285448
749383
791956
337743
402677
556859
413122
140781
38586
539913
110223
206918
306523
835232
820081
318554
893781
411307
80253
757887
606176
416078
181616
398663
292516
461043
37071
601551
495956
934611
72409
671497
752544
916094
17637
582201
782964
276821
597958
926088
299031
948815
500091
381347
991377
973670
148729
849758
967627
633157
237200
617857
456752
778110
753389
189275
505570
892393
996637
247184
144726
306480
773745
651403
550602
683233
47578
85788
69976
424432
444063
794887
467275
546842
344029
873414
887428
315706
232436
498689
168683
702953
416933
6788
498319
738940
191032
856024
668707
663026
745742
1474
165500
263624
452764
606433
780699
892675
496897
66900
77793
58519
976697
186318
166088
874999
726047
480375
794082
566608
562148
825686
995094
595382
782119
813943
794007
831873
903788
895599
703559
900291
705212
676540
331539
699373
497176
304462
23287
442601
330392
152513
768688
335611
433700
156046
812298
9012
659347
258782
16632
835525
730712
985453
953206
971424
987588
722530
691102
658597
516387
802977
868088
904331
290144
975659
123650
754587
155983
735821
846199
637611
177652
385594
794123
57404
153630
872610
203470
883536
645367
925746
595217
427293
986552
507189
447305
588919
884627
490765
465679
322220
338253
221909
931424
606178
69948
493651
570585
603427
35641
261220
541758
990744
308633
868455
247228
28460
453526
256027
946042
849210
885433
895037
735691
42683
642832
860047
587675
375960
685120
8881
960628
493641
99251
924126
640168
822963
606162
144153
396642
634382
621825
58637
588962
771950
949041
213504
305725
738297
899405
219481
968975
522890
831919
315081
883787
489157
287663
396757
133101
137978
357456
75022
435749
67082
830920
120821
442453
15882
483675
109525
298145
459145
305174
895306
17957
192299
657492
765419
516766
858561
106063
78089
544687
674509
93011
360289
877126
210647
409808
820902
919759
200083
210358
264313
819065
153070
726301
393036
184775
75431
794425
809624
336898
551351
273250
154015
979391
976393
838142
523723
116228
648868
877982
623269
671678
620180
672888
33175
665414
744389
410878
308389
287581
465468
365690
874332
270681
997452
958192
676438
896635
140067
989870
785041
529358
646927
557226
972407
548695
925242
284087
443924
966723
287885
489174
379610
957224
323068
53231
99218
867774
813304
9754
847917
553326
417208
214850
260440
333924
629461
481869
866257
873634
517500
780460
586769
879250
113194
731157
357912
754459
681037
823120
963184
595643
110454
546550
456387
951490
795415
728521
655858
340877
589931
736409
390739
964107
929134
432048
301678
824380
525477
624071
224569
78148
276703
452812
612841
692131
143752
300135
466875
694639
478867
50103
743282
898362
754926
424793
945623
255287
618563
402540
354461
460188
165577
185371
353839
922234
95020
261412
334029
393649
54795
823231
568501
164485
849937
695225
154614
393405
165723
172257
862153
361368
333343
121547
796301
865863
993093
565782
139855
155196
682104
639019
721018
793334
408855
288904
367218
120326
599400
560320
488037
681631
326262
390875
480259
786566
318421
239101
549926
353575
963352
629166
912551
177558
957078
862782
494893
583400
527292
44841
670778
680235
738750
17708
741329
795318
274413
56920
624698
15403
451871
593358
379114
152322
215887
221085
960481
449481
181012
740984
213623
934456
86329
912976
55314
888353
155803
561638
553237
354118
657521
560134
37001
513123
375914
46160
467031
279548
405089
498918
866516
207786
292874
691589
753156
899162
694037
380878
594262
868653
212876
280592
173646
500698
189227
651266
968929
582339
980355
434161
769115
433679
996862
90065
932022
488747
183116
194370
318917
495821
31626
47538
414101
94167
62602
402616
652392
625704
412280
574788
322266
626932
894797
656072
785993
806901
396240
53038
637608
311849
117228
661179
649945
103798
204476
726222
143035
700976
329571
282664
413285
294298
326902
476645
850453
953792
814228
842505
9718
986353
1012
828264
597578
337243
354201
987537
929647
993584
485378
749502
590856
785435
264950
819646
323908
851324
513986
324345
909585
414948
195907
231759
605137
699194
632728
742847
358967
418850
706534
771611
502751
534716
167576
789953
49529
996240
380160
945040
192698
493678
925568
171918
673990
997520
831666
620206
389581
146284
382303
240208
542600
876544
912648
620973
56296
283798
635899
720562
97113
299682
194849
350870
657724
135386
182330
342730
321785
493818
716564
947746
327719
83113
531444
879358
798248
962490
388263
698874
313460
191027
278225
421040
977722
986430
510605
458234
540488
805256
658402
331988
47826
397639
538571
632122
769367
886390
961960
658097
379900
566279
206311
76502
715090
264123
42165
342264
87618
685972
603802
324825
737433
365077
594499
408421
114381
661386
622096
555410
81208
301660
651904
912437
602473
808455
884963
123287
698139
676435
131666
498803
382451
948953
103395
410106
723452
509024
210858
37022
563873
826305
743386
678354
581821
605473
744104
935691
658135
659220
238608
276890
72310
229024
736886
731261
167111
143145
105575
726932
281444
866646
919623
16000
93543
319510
659841
671844
352991
170609
635151
53213
368799
753402
66167
672522
803741
624811
853838
500394
23484
923966
525824
250289
569021
460678
531916
234819
584434
510159
275670
841324
950279
699417
309429
134638
106310
868335
917716
458586
937150
424386
417879
6150
30562
638937
402336
172357
815323
519119
240357
486130
692594
6932
127380
241491
835336
213156
381193
100929
659505
656069
619006
851798
362658
994785
813348
432226
925612
458802
965713
16481
925803
341823
2035
760815
662215
74012
388502
439369
147222
220315
76963
928922
825169
959433
865592
349317
841523
371023
976023
213839
962880
849945
557646
223303
192668
471917
374567
830409
540825
828934
754303
883462
121349
369735
116390
738461
254232
926461
284553
392066
872265
473803
777762
803010
697833
260054
101807
423312
557144
490666
760979
618319
811235
648941
200680
451636
644281
4292
850699
189073
408750
998051
192308
686813
426228
320320
514606
80983
165630
705301
470946
879968
406095
332531
697273
843218
760585
649400
215393
833398
714797
417388
300276
789101
626249
552729
553972
897536
299087
640140
842157
206852
986749
74523
735294
18560
50122
671827
997858
993403
420854
603895
249896
333137
165384
748049
258694
61400
555371
380904
425897
344836
49267
292585
721687
802254
477593
897787
166905
762707
52497
272770
837039
53310
703783
766995
316315
118043
501834
622734
908422
493050
346601
109630
163935
21852
453331
544221
428118
193372
50747
612797
935439
152415
656367
853197
457634
282380
458318
259859
563654
266611
490821
839614
445656
174156
46419
134134
168200
110442
333736
96207
318390
586038
627362
152366
926421
316349
593113
386930
142605
567818
970693
249793
781239
113731
342400
678733
404880
597055
168722
537501
911592
736209
253337
3260
704775
575937
638051
972574
923323
129843
799325
135520
952138
779889
569356
95262
308477
130307
983012
195299
490593
754071
27357
456319
797968
731329
780520
58885
392219
609705
147980
419274
25482
767977
419786
548174
549574
941758
837766
164131
449460
377067
867563
398625
227947
79414
218542
218269
521541
171134
586980
429712
731055
706379
345119
571216
879906
953149
831651
241309
950762
401462
872843
184380
27707
615888
788006
317556
770415
8030
294330
359648
660577
165142
108895
436289
565155
568402
296018
917976
676470
822893
163841
100991
347514
600030
33694
174938
145829
961057
912135
329846
987978
292433
753268
623614
514480
772478
123789
191203
640597
535165
601339
332601
250532
972929
906334
416247
45873
402492
725846
603941
51808
654351
358089
850392
870336
915824
703988
585755
125499
199437
528856
1617
842865
6826
304702
442224
181787
37125
158505
119666
43772
961172
639742
931545
986960
882700
834310
987406
902755
930533
403128
937633
525905
545171
933728
555860
843950
713591
243880
122460
191005
811799
529442
370049
995565
728737
300850
99911
80691
786242
158486
724335
403491
390485
812502
311084
142166
221943
439167
227767
867946
131895
235374
523891
23769
445247
937772
725629
296005
202649
737983
463745
33395
334621
904061
877873
815151
965016
894833
125571
605811
943074
765802
518913
389125
956089
657660
593167
629397
952764
327080
884251
191477
192954
874319
556056
197299
246656
285288
51911
816337
177257
598019
499485
175573
118841
689795
597477
867708
410912
65206
337094
994501
531
65518
737551
545195
595077
10764
264981
91866
5771
370635
666638
742951
218031
519144
617078
539339
961591
264159
410839
668045
739960
975910
581852
183173
624717
423216
458188
272237
675753
912742
514656
439488
564393
509580
660883
743910
847912
882601
319135
126414
531449
833904
759539
724692
190065
51615
775148
394340
499966
19989
922005
154104
281530
225444
892708
295193
700422
499545
154019
419534
874985
925633
891434
187061
109300
200993
510694
755574
792513
875477
909722
484470
56510
868146
86314
195214
832290
658428
83631
53261
814701
883430
397085
93806
951425
989237
400170
883536
747332
375372
96271
766723
684272
623388
855613
64171
724375
904717
845275
423080
672337
236687
561093
945661
175555
399424
900297
624619
200148
376333
714640
114574
219464
643855
31997
448197
721573
817264
197612
416529
497035
436164
347295
680115
358717
244432
404273
900999
134073
129849
997412
640738
16555
813537
874186
747429
771070
644008
765806
122460
629409
336608
205450
222339
914714
674762
717250
690052
163310
307743
627453
984583
635123
700469
335301
572484
299731
926252
422801
358222
26201
611649
305571
604728
409931
701282
252482
857966
677099
293816
352856
735465
955102
402596
181069
431501
268242
544427
681724
861245
696084
563336
539411
354618
681610
402379
684874
634335
433159
234702
209750
768351
797416
519084
913719
140895
387612
975274
408021
632644
7982
83235
960736
816953
216527
126493
368926
803147
243026
225593
603769
470205
423711
706134
221023
732915
673913
421704
966321
887099
194991
252046
232309
332369
493439
394947
34103
886197
529491
781352
177129
654934
638871
545601
200136
684477
696446
520755
463006
673142
70139
706054
483217
595603
761665
246336
229678
273075
213408
882764
506671
698869
428195
648812
742213
280540
508192
230639
864097
762583
889768
532440
618094
932317
799014
824263
349735
362816
77504
731397
811307
30131
320297
2383
76587
721384
65509
715464
865514
580007
111484
642639
206113
710050
67449
863325
191898
44562
480067
643037
515641
809476
246249
358252
345348
742782
727448
829158
705954
947501
234937
131676
833458
184062
104035
482948
965668
882479
402187
191004
935343
636525
765346
233846
33374
643802
388396
537630
23427
637538
973793
97416
539033
326331
501254
871506
481783
20076
671198
843810
327266
170883
103753
396109
275526
307287
328584
207381
389343
878714
825340
487695
749670
69565
707867
369735
255602
669514
52444
555826
837293
568582
54277
971200
932344
217400
457988
232405
749632
752143
235903
994166
895438
300173
409955
371828
579134
419830
215711
701953
386338
936412
310445
23501
766573
335359
386223
126647
531938
417556
472591
363639
154561
592469
670782
42680
877360
363339
655134
894487
343967
86041
264728
686701
358237
279984
82882
638266
367943
692815
632573
353851
641383
852437
935072
820893
55816
269732
475255
935072
89885
359225
203770
779831
516694
163050
864986
602414
848967
440788
523103
467947
404702
579700
728694
34997
50178
193402
293460
552494
722459
384015
708746
637257
693530
469875
76171
779296
206996
867912
311469
229159
203792
67357
323044
220939
62864
901780
389322
518392
266269
575184
836745
553649
510264
571539
982948
427250
976583
922944
768483
599060
168405
22592
937791
791892
384797
186076
154782
872934
815279
395122
949656
812526
107794
135396
229619
941582
281913
286616
441633
588350
785830
900161
946131
900713
585035
614856
336528
535482
92898
517884
868495
75610
897258
283806
313134
994651
48338
440894
900251
658799
291511
849243
372125
734403
324478
519199
437778
815671
178167
605076
89211
649144
350321
498312
613662
465513
360959
348472
789853
27798
108957
640759
998476
167742
638475
481667
869497
410192
220627
282643
144164
43262
68189
235212
28963
960251
191453
647459
613393
968265
490965
96559
467384
203982
959869
137751
161237
362743
549960
908375
165793
730332
13517
108552
232535
35507
651596
72690
248765
185124
74918
200873
177744
601056
630454
123242
144821
994925
855340
553120
184327
559878
967668
16246
94563
879981
828685
959480
924581
952731
443995
278691
896334
447813
616465
461513
540836
463933
425547
126939
146496
155367
837
474482
448819
405783
592593
616351
304489
225503
481891
975071
553987
477585
268081
973754
963043
561737
563051
543479
782792
463605
326284
518014
307448
467278
758002
804390
974642
877997
199561
958941
502520
509071
502902
272291
541954
946730
230228
97384
246513
188595
279719
796847
669494
319998
443885
68294
275966
386610
289203
630866
170570
298665
506966
654016
519448
59885
694465
728508
409707
598031
466718
42014
443424
578457
298011
937963
552419
143690
938217
616422
172588
587212
576771
194147
645885
884327
800773
67534
798520
708521
650921
350407
772167
466721
408205
53660
444657
812818
453664
626428
744483
143117
720083
165648
966160
962141
299207
849306
130765
798955
808042
120788
635890
315380
512579
615877
726266
234669
694416
124585
144990
498343
210191
806679
131460
866563
640208
723061
418914
65512
191828
617720
571908
981710
753890
123594
983333
11221
141754
530635
375136
504565
453842
301645
18177
871384
267530
622907
482879
302110
793928
173614
716659
697505
34026
597444
302172
694945
608496
761511
446662
253770
706016
948269
34013
130420
797572
872290
599765
309469
279409
808082
819745
54170
694788
290356
263586
965219
887373
527656
528149
822062
958660
437463
934700
1996
530240
642496
494224
663822
192715
516138
841081
488411
628341
191531
672012
279435
739764
238466
633467
384802
897923
47814
687723
86543
648127
595533
953353
775606
862167
875215
324478
838337
960719
829149
249964
666470
861763
911214
160419
84162
292462
796040
228146
819728
485222
611665
505277
780661
195026
374460
618066
492431
673624
77013
37756
8396
134202
671305
153882
987298
813417
152829
763574
913540
542419
177403
440582
516342
403932
120653
322923
890583
843487
993930
301901
216646
603859
920432
911357
449641
197560
477847
935645
54370
442880
630373
511121
850005
942563
539113
56673
610930
686519
316822
32181
833155
713327
183253
501249
361015
562897
132953
680146
839510
151109
135345
327136
718477
30574
513738
626814
851210
914486
487465
902158
538756
9735
319283
837754
120204
210177
173460
714045
61838
230612
372096
737155
91449
768341
199551
312738
963584
148412
489471
259591
921839
82654
627159
116019
583541
788603
596365
363386
665710
966142
381625
959824
687386
141465
247452
605908
388323
300686
196945
640918
832983
439987
636976
576283
434113
898001
488413
65313
239920
237137
245601
356977
419638
672217
778955
603619
317518
182620
717064
90049
291094
616637
469284
300060
391366
318134
918311
845266
19381
48522
653102
167266
934885
64387
483729
778083
192328
19285
334211
154067
468579
23785
43084
301798
10123
363140
464321
532963
9621
914423
222242
99237
55346
167732
360154
3690
80598
392111
602804
103241
339720
207535
265177
838770
654038
474908
919211
94748
897626
1539
157078
110768
556837
990938
424558
217439
53294
292151
959480
796142
917019
19512
318516
976772
817489
744447
458184
314157
351375
108631
508557
282286
830466
708028
917411
95289
968395
936021
670732
662756
377178
562032
993466
371798
370570
167475
763152
282652
861323
788282
79432
147256
553136
826499
378149
188726
143242
248704
532271
410757
435416
366937
268652
365660
630626
57299
538532
631421
937795
837376
313680
874483
256460
174579
27002
170032
64354
68515
21561
984815
819318
78393
863266
350896
764946
748520
409801
769590
112711
448809
652940
218917
38301
215903
811663
49396
783140
987574
503586
996314
350623
409141
751462
12138
935780
830331
547981
379583
317065
616672
177116
894840
861336
890583
40092
119005
187698
247143
2005
110510
44486
565052
524946
900671
94086
654372
250031
19119
292644
414296
183770
549862
617439
449984
88461
918769
717319
596750
219698
638593
793644
118939
311155
837271
170975
139909
729010
647776
194029
238275
817227
506505
151517
89256
930833
70924
810665
442493
498577
105199
895445
134412
250000
256077
359825
373213
601870
55053
495305
378584
753632
560992
774361
602270
842900
141028
534538
528312
600268
76317
455022
959300
356089
624222
837420
374264
575960
139666
682821
27553
681776
366428
62232
905627
238677
81274
241784
310156
583482
164957
478879
702247
125192
77185
749766
968188
630936
566731
873447
411845
303210
496421
280365
75643
384143
988362
112868
955985
725178
62732
882031
533366
655311
717654
996699
392810
846951
822807
309543
299481
70752
866926
739915
365292
666502
641457
908966
86824
528093
522017
913781
618693
173245
148602
189079
318222
439451
595652
256167
277315
572824
997545
40828
697978
971512
748653
207863
348322
281282
599854
113073
652386
992656
819229
940276
161795
677000
614214
164221
87431
198605
238481
316214
304760
611076
363283
397310
598275
990492
925679
992508
373031
718535
136182
427422
168339
590555
529432
191287
71568
414364
194719
242461
4281
307153
204472
116185
92511
87340
164429
813707
541253
822262
328311
808323
535893
605045
513111
11068
907831
42108
319826
398145
515899
967791
381727
499167
488230
588177
937313
329504
758155
178574
366159
79421
529238
368512
651578
679899
509502
132986
305604
836310
46594
255294
871466
298133
370461
408121
418665
457010
334267
240357
892070
711467
12246
848065
116473
13961
8376
91945
525429
653787
593564
648221
486507
112571
571591
290192
284746
837318
455792
997731
747428
161059
142796
450710
178767
343532
302945
397775
78063
134608
509269
588520
698275
76815
194540
710906
86719
532838
952070
788524
869498
106435
108439
220204
561632
680900
698068
123334
922604
880756
37595
502973
9041
578170
878651
697958
247605
800632
595214
703390
83261
902060
883785
63114
650349
817547
482187
27852
658074
750818
309360
466640
79151
689390
50307
4287
187715
931119
12186
99827
929280
519595
358157
643856
110546
41679
277457
506656
930131
504012
562462
486188
372917
339341
25829
938512
636863
763726
411864
534425
935311
308623
384467
593773
364584
358898
923672
506428
35162
235468
986805
350585
562433
973934
994268
58759
600513
785565
46327
756189
999950
212961
187366
996686
218294
419591
404223
903844
332979
917139
380982
864851
744335
884408
588444
157203
222850
415949
345246
571678
141636
606178
600360
934695
234063
241353
492384
803690
34868
88590
838444
21149
799323
681716
809215
65254
654735
308089
794079
591589
846715
193455
425500
215854
148164
278826
40357
305635
988989
39659
379689
407698
16844
951917
542904
640220
727000
160582
2099
995596
177729
410550
610995
612759
799289
3424
766690
312210
576981
186259
655610
104409
249052
622645
590553
897526
39299
567123
556340
951536
80579
431425
532560
327702
289700
996310
754946
170809
854793
346531
489323
257177
695010
250780
469951
226496
819976
224310
997987
934182
635336
304689
735914
894923
915427
905387
602335
399369
63310
479077
137978
74358
221509
737882
84485
745020
677460
337410
738076
806173
501152
781760
992467
776810
27957
844554
387706
261452
626558
131514
285319
244394
810491
817670
112657
142477
953196
823720
559986
383721
945197
406602
398203
713141
290621
971379
395784
342894
566408
144260
630304
184136
779068
911016
986716
884265
774795
132783
229922
356584
464026
635084
60364
663713
630366
18050
974564
176975
839183
328039
419117
15596
62996
302297
196769
351749
431283
226421
640839
824940
577788
336308
231200
318801
728004
366184
947015
820226
304983
527574
73652
28108
47513
721795
54593
464418
831013
970330
140973
665129
266257
389583
433328
982871
542743
605396
255574
104309
330076
917849
763447
292065
790682
357769
484041
932099
785569
944774
487728
248725
693680
749130
533267
798132
338257
494599
280075
685784
468165
685435
542073
808455
919612
448824
438591
789363
357968
177524
763472
220607
365159
137418
658126
83982
890788
701226
338550
514341
164217
956539
337109
780445
385086
526080
634921
65870
50578
930285
614207
297166
907471
578178
829969
294962
403698
342712
164065
636278
11329
163761
895874
777248
997466
564894
660969
726680
559348
646607
901922
679536
783207
657011
426578
856132
377470
95397
937455
173685
459704
314202
565885
42856
764300
144297
701071
874329
169718
482561
494290
854764
607978
6513
757955
515060
532764
663450
381026
629698
294547
484579
200289
920138
777960
713484
870154
185994
157218
179471
772661
358800
735216
477937
544195
575252
105010
737778
543976
40962
114231
919866
507102
908946
702835
857298
105000
248296
494201
385999
50598
386249
365225
542600
794257
631670
337961
7851
736409
179709
803634
205770
942003
271677
109249
113963
640614
339457
400669
192290
179452
692344
167818
545067
14360
252128
691951
495682
461429
344280
665802
894240
868351
635858
41569
442290
386649
824195
612679
261438
28428
874038
574545
747510
324421
648989
190967
110410
499687
154009
925825
177191
533388
849297
305438
294293
539998
155463
319486
652128
13492
604768
813093
533827
879028
205135
148845
745098
622285
66920
543536
34399
323137
727270
456296
908798
399549
804858
270966
196634
628308
206475
331863
906049
658326
189886
869499
197019
160147
381514
832241
943719
771855
469395
86425
735838
960572
614772
576114
530225
648629
621834
775739
877407
616915
434643
57036
301462
922882
351208
45896
454545
843887
623893
790613
592772
812954
249484
155502
109414
605276
970539
480292
416450
814015
474779
411995
551769
103918
127667
644157
755148
171579
507063
565757
952335
118880
213410
61970
892552
854762
794816
142811
849040
275885
488595
558248
828276
755921
726438
494788
870319
419850
894411
456408
489365
518114
985221
378770
459744
891199
122707
446024
296819
518564
151289
356584
410065
671648
973637
696331
284124
378264
209196
10807
699813
543621
320192
744117
601127
678499
894611
460789
415442
386171
522354
481439
737667
591220
622998
79258
68490
777543
681180
400852
314489
64876
741575
404230
618848
657613
275566
755113
794349
746023
730782
961986
351045
939858
374411
310688
213273
248854
367475
590190
677356
548101
142623
284074
574439
636031
215226
772165
559637
844414
736021
648582
112909
272098
794500
658836
483505
954377
791214
833700
762528
660961
294808
934675
249433
464876
949173
288502
944142
807886
315026
466693
256386
596006
500191
570701
880122
421682
426762
323711
245473
463397
333616
299751
506784
80439
571827
783283
155965
377901
503408
64995
803920
978585
815327
172711
293551
307892
793889
913394
585092
635955
893328
595858
533950
3182
96457
177684
947488
849101
562145
448468
231344
249150
298582
312479
843883
49334
555189
932350
619599
727947
693006
721175
602629
679996
51818
530775
441017
848380
380944
980659
651280
779045
27462
10938
715048
926943
758391
834226
920308
242121
74447
672615
636618
975591
8155
102890
706592
426813
169030
427191
685752
758550
320392
92659
222697
663302
16485
940684
413464
414440
97117
142275
146937
945220
283993
960649
17909
210292
693750
893178
395232
862611
321846
801706
771110
118806
584587
249773
48042
962091
180873
465806
883770
386101
130277
484848
28116
818242
348533
130085
552023
919869
870888
795131
680037
61753
167120
25883
525720
238097
191638
715319
600308
371473
485424
253648
422040
216101
305947
721270
758785
564043
7625
205515
737790
416266
781920
406086
838724
475769
893335
260531
308625
505850
245257
869903
148020
760249
925229
732058
385558
827387
723829
190992
296659
24365
523418
286745
720918
822670
104485
121936
465457
278968
552494
169246
485884
72525
586491
292341
827106
181854
778859
901836
745245
89996
302594
334423
724496
941326
545941
638294
465328
959256
902338
640697
294479
654436
38708
872137
969783
754008
783931
546081
620863
315094
769627
528256
116912
259253
63928
343229
51226
331335
926891
722922
571574
125081
344330
822860
434661
260551
862464
413239
540644
662886
467616
798171
459076
719022
106139
263178
565925
761245
622563
722699
876933
420533
936812
315918
518176
88243
34817
971561
388177
958381
770578
833083
677305
234100
1972
949657
482103
403251
235649
452534
693738
242638
813612
778077
835224
831583
75437
183292
598486
996464
175871
602576
709334
993320
351276
729930
337975
491434
994192
716161
736691
233571
853310
932432
263949
717194
704578
392062
711253
302641
45784
134839
419802
901549
499652
479406
637906
863180
406517
846287
373872
948441
960393
272268
484563
189271
183726
357730
247449
768172
844126
770029
752606
914352
571972
829524
624003
125541
68238
280076
371621
167490
128021
313198
635368
303975
983627
615771
17097
894108
499129
814972
847905
640735
748451
579569
867930
695865
439227
138827
704924
139496
461766
117740
450094
919075
434355
456151
683384
329496
172798
373637
511598
243316
347290
396311
114472
41885
967094
232728
141822
402380
976981
956666
821513
870695
953233
711567
710400
555130
382600
910506
160580
846607
71982
711647
807477
938010
610123
116470
415702
239024
996214
812917
85308
126989
509977
852881
787577
189783
684778
483675
92754
507648
29864
979254
741127
486916
55975
707098
782652
820266
623204
721629
245950
278335
509559
191466
466813
265214
980206
433039
62241
65339
534847
608665
405041
508048
118280
560459
468927
78469
111638
991539
97672
567463
691260
635681
714277
874954
897629
145585
342897
227083
221231
15800
39898
249099
368264
674648
31133
69758
180271
438012
402995
214920
902158
973505
872943
790158
650134
739893
50485
611126
180452
169222
384715
796885
428620
234461
572222
293396
527168
278716
999642
935389
126441
95607
579745
316667
956754
492763
526237
645653
560427
127496
457611
27386
519690
593086
666266
575727
786638
741459
85848
78498
833341
523853
588671
518073
560714
598071
358697
898085
691211
239602
180618
673123
693493
320251
81026
709485
420473
368882
36324
677647
158101
770575
709858
149767
986424
575936
788475
617288
216162
352327
538382
652710
370510
556874
517217
819334
748054
348103
704240
311648
449095
806119
191588
758807
305134
684150
726864
967383
479182
399388
262871
470356
2916
634655
512079
597972
990064
706291
526926
316009
474229
496559
792364
678754
895002
210678
282913
326823
968224
49904
541291
777250
391569
646492
278694
13968
269267
70248
67837
187205
701625
161421
955349
881322
245783
442374
945255
742866
802470
666973
479098
894930
913555
94808
977530
441337
833382
516497
976219
700872
874066
755014
672091
810882
758875
542198
976456
246865
506965
314963
613241
611611
164032
682910
483035
443702
766645
819360
828675
814264
421978
846744
705599
774412
606759
29356
558251
642185
144772
606882
467930
632624
393388
733809
663981
160816
679026
693355
90141
542959
680805
798819
890473
407780
52998
748562
260742
149511
957614
121267
438734
906861
918934
622593
782811
587348
116173
493599
271961
638094
912572
314319
769190
323387
270922
13959
266822
525660
516310
678260
551343
481115
202749
304178
998595
735878
613917
990758
131734
3822
492302
338939
191114
186683
472591
906677
299587
818310
805666
956603
123871
44672
544273
619723
959769
88486
595130
758429
218805
357593
335010
253086
187688
820776
836754
401456
711293
298024
461138
861366
838524
881869
173213
912891
1393
339012
528048
789154
666558
296958
689693
82927
371425
759733
304952
694998
68991
564741
543317
288906
343920
553254
217771
520769
416024
448031
432722
89032
474656
327064
613545
246879
962126
186051
181816
666233
863156
858258
893844
93594
239632
851871
220541
349278
300584
492547
798421
775110
705032
957237
688115
817559
431062
780695
186882
975296
208983
921850
557451
241017
890097
688885
798267
713525
303472
236236
492188
940823
540905
539594
869568
230565
189077
227982
468799
114919
738774
199690
177469
239674
694350
380997
937477
220286
722967
863163
469414
483418
287617
586553
832015
919913
163215
79353
764710
10683
512065
153166
628598
503910
418971
715217
299057
469502
123192
203091
376925
486112
680226
913860
855084
40388
330692
771479
260257
81201
971140
270314
411541
970692
744757
603870
424634
425028
136190
797090
309647
333992
845784
935930
988093
625601
838672
123449
458093
316599
841177
749535
342765
72324
908838
686386
359715
399276
9297
358489
447629
164831
352501
235100
136893
184305
501254
578168
322011
42673
924326
55063
722444
555936
887872
388206
458892
486941
69018
661559
256915
860268
124957
581465
235069
531181
770848
207174
759135
745114
25995
488226
907409
844425
29544
870157
683537
783442
27570
813863
115556
629500
981698
881566
73276
461225
114917
58111
631841
688788
547734
23152
494949
405721
377665
353850
338137
300248
20608
779031
594351
383246
441498
392613
961462
432340
436594
965755
593024
312363
705462
369408
697541
355080
9457
311807
865936
252568
396260
378303
268338
422658
371160
123626
158997
428086
809203
748252
442800
265272
315744
398119
939375
529800
346989
410097
895132
946361
305607
311290
436880
586243
220985
402461
999263
486233
955434
466334
116578
705048
436919
349149
528397
493991
263829
859149
811165
658653
91237
703228
508373
436717
271786
564855
186711
874599
298352
560924
706528
677576
51664
463635
464543
183435
617476
592016
194029
409774
743592
641016
683662
652490
733882
232976
478679
264324
288893
247814
648160
259561
250766
238283
647080
693666
500079
924863
785899
851314
733877
466147
650031
994755
998617
110544
209272
430036
197529
345330
855663
860071
641516
188979
232111
155723
972842
108187
509770
658599
295397
313521
724758
677963
546075
600804
943216
795389
333353
897295
452438
250614
993556
577303
683196
997423
718166
882919
743560
764980
923846
770247
458153
736189
761757
1529
553480
923043
184192
245569
677316
735209
96166
830870
688789
164132
3884
273
722955
152795
326686
254350
116420
673962
712586
718154
374361
671933
968010
313526
115392
930938
664212
133547
788512
779737
489129
317159
711648
990233
910041
983429
457874
515641
795735
480609
895422
805291
733931
769480
81100
357738
17919
165848
994628
291516
721292
66266
494764
289283
249362
1893
242347
56952
183262
259008
697828
675627
338210
143720
292832
622441
633912
139306
158856
718737
419397
418949
250677
846736
72077
959289
552336
397158
365425
852528
204187
172794
132276
336178
903196
774870
812953
727105
758130
410782
600167
884777
981876
859099
203895
590152
962852
767787
122340
668830
596943
547684
967260
639188
467838
401451
117778
387864
900272
243052
693411
801104
424490
406261
137054
953470
538670
179094
323929
982551
875320
544217
753632
956313
789827
478857
65296
885335
877788
680274
299149
562831
861856
992997
960775
650197
265132
76224
589027
289624
265280
48395
580559
327884
244489
84063
351054
634832
928707
578296
564743
132664
87694
188746
768287
449035
262402
843681
874209
83605
745129
603727
583051
834237
595528
399193
993810
105507
592458
346777
620687
405302
563276
746820
927290
684655
794423
783240
96519
434532
11485
426164
477250
37195
621715
911566
525841
648208
373923
237037
113138
253043
71072
220184
4231
661419
502527
856917
934718
819701
947153
612255
214526
145699
829857
555608
804563
653082
507231
976082
502186
253615
24091
249698
429922
567546
71028
293606
825251
397071
970956
754718
476107
82821
518622
415331
655495
846647
733028
994309
314041
253675
823574
634926
902852
313020
82006
772627
454711
138722
98512
531423
326062
487147
304322
286629
367600
225738
379083
153474
699791
474141
563333
328994
647865
661994
650717
969734
305200
811337
346117
225207
381640
829441
370596
133247
298396
90764
635403
588006
580377
522459
710007
819715
858455
717648
442979
502823
900847
643821
234483
478592
591299
579782
136331
233915
350502
967420
575061
665128
309068
177677
621864
795201
389700
649956
253904
192358
742056
196667
671388
36578
910843
205443
680330
823422
716622
729614
923344
881660
952172
116993
54753
937520
136222
565548
307634
435687
22872
557070
86782
413915
423120
400013
61323
718838
147630
509590
634697
77664
271818
484272
103205
148512
898409
406235
299981
30014
509588
186387
812701
859515
964694
668536
376746
189268
708015
742644
798330
289623
984758
455397
220258
751207
267844
92961
822950
516479
925037
409651
693643
714822
729119
188856
297427
746591
961873
729265
785654
880272
836436
373549
984143
146313
674855
877458
882122
59625
567511
61023
583145
326982
657542
829712
562761
438300
431073
264575
203481
292561
177760
845224
503444
80153
487928
975200
148559
282009
848980
748769
892494
73714
340041
947692
607231
476875
699918
916472
973418
232472
79181
232542
439953
431911
460181
542885
158577
691929
508890
313121
85286
184203
804905
992366
328469
90163
928380
3284
970652
746680
858225
263856
723445
725666
640855
996564
261434
844506
729518
441920
461755
254197
943951
421549
615285
61313
667016
885283
693006
312848
472065
181174
481385
226890
15355
724121
312245
520229
504791
890586
736385
161736
594765
467047
93606
783185
183862
218865
389208
493202
449413
678079
789378
18321
80841
824459
568575
251475
720738
951445
302139
383005
603039
244585
987203
594580
192342
146500
14978
751577
996098
207914
389444
404069
336334
917802
406695
181090
564975
664414
102019
775806
318172
376938
304068
615329
511721
532695
704480
379879
757574
145372
358552
585624
309741
166807
980465
481850
613230
194172
618645
335403
83748
643597
528057
957953
836129
13624
307187
128432
824652
817866
427744
412174
951522
64319
324918
489132
906305
885499
916745
233026
427036
119080
804694
614387
219669
431629
174353
516232
633545
565267
763271
936901
10014
127095
316172
446837
309583
41358
347878
962044
923304
222079
473030
14917
571687
926835
958773
197622
620524
543374
556566
828685
272319
589526
650663
397926
63984
638282
477289
160140
581223
581816
975507
471937
914451
639136
278267
733205
232318
411104
420821
43720
447402
87371
753113
356779
359532
476292
238653
822144
313689
433417
415120
142293
864447
238390
890898
354998
992047
587429
757356
252914
736785
576306
923047
995851
548560
260077
277791
565816
414556
644684
911147
89725
170308
447822
978468
293879
264590
496217
234563
149488
444828
107664
839426
146703
167668
137316
667185
655203
515045
969986
895891
547488
269141
678734
295347
771101
812515
176273
350193
117162
693272
884265
689038
103258
265923
25296
303281
639855
910711
764140
380593
233218
382057
148891
467642
218997
177051
407560
121429
517631
893227
673087
149766
44484
230640
819638
527345
848216
122426
738724
364276
231124
40824
910705
229234
373979
121975
436371
218863
969773
336004
404438
725114
962493
246736
401386
748930
946058
977325
597224
656235
675278
25238
50812
127556
463756
491281
256406
774709
540131
240272
280340
318009
882380
795126
122430
260187
337811
937025
56006
662429
825011
978113
226123
51678
212234
689147
128305
433402
994216
842834
526975
288506
552202
523521
152225
239313
563436
255334
50394
583524
641629
683919
480798
26553
516494
762521
100711
576829
283121
369637
548005
11035
679161
872386
895304
301402
89677
758255
80777
997886
76005
730550
457613
924858
513728
7688
109672
748172
692553
593969
527744
61058
303466
677675
97426
549708
357620
215337
727409
706710
16978
354431
25341
429221
339718
724066
770170
486897
271456
559417
705813
705636
438772
790762
332666
568957
216644
399339
716262
889818
931835
820890
393838
200617
65101
333094
68457
290170
35974
273213
818648
608605
645577
309660
789408
196870
831451
873772
195660
374893
572367
473135
409584
229530
6584
643387
481165
346863
745252
47893
152717
198278
21891
241543
362100
955395
894086
721312
535032
108352
176710
424928
921490
991459
223903
200744
658662
682962
327758
896041
824368
415085
601362
435250
341092
241496
415536
894198
209708
432378
936711
71262
190244
698031
808798
588799
957724
597614
532895
19215
872370
831077
320268
11935
815494
34722
291134
266555
728834
847482
753482
999671
164567
504735
882755
906422
792120
125177
100353
936216
608785
258329
104309
894529
235102
708625
81028
963573
711443
24635
766050
761494
347848
90895
821530
616767
51020
401944
732683
906594
573161
625094
911839
693130
29091
993905
568268
61185
258871
475083
869572
803760
158751
705924
344970
79290
519063
713164
640359
64350
917728
556584
225029
818948
269290
521565
104981
69441
199307
256774
800239
932320
269444
267298
392165
220973
977109
126880
714290
741494
235297
733749
126793
598588
33147
781447
990577
870272
146688
760406
635513
762279
905879
117544
719509
338932
29306
864039
515603
576982
717150
53772
359950
474673
